# Time [s]	Cd [-]	Cl [-]
1.000000e+01	2.406223e-01	8.839601e-01
2.000000e+01	2.306357e-01	8.612349e-01
3.000000e+01	2.206813e-01	8.386037e-01
4.000000e+01	2.107928e-01	8.161477e-01
5.000000e+01	2.010013e-01	7.939402e-01
6.000000e+01	1.913349e-01	7.720466e-01
7.000000e+01	1.818187e-01	7.505246e-01
8.000000e+01	1.724755e-01	7.294248e-01
9.000000e+01	1.633252e-01	7.087919e-01
1.000000e+02	1.543856e-01	6.886643e-01
1.100000e+02	1.456721e-01	6.690753e-01
1.200000e+02	1.371980e-01	6.500529e-01
1.300000e+02	1.289746e-01	6.316205e-01
1.400000e+02	1.210113e-01	6.137970e-01
1.500000e+02	1.133158e-01	5.965976e-01
1.600000e+02	1.058941e-01	5.800337e-01
1.700000e+02	9.875080e-02	5.641135e-01
1.800000e+02	9.188894e-02	5.488422e-01
1.900000e+02	8.531038e-02	5.342221e-01
2.000000e+02	7.901572e-02	5.202534e-01
2.100000e+02	7.300449e-02	5.069336e-01
2.200000e+02	6.727521e-02	4.942584e-01
2.300000e+02	6.182545e-02	4.822218e-01
2.400000e+02	5.665199e-02	4.708160e-01
2.500000e+02	5.175084e-02	4.600317e-01
2.600000e+02	4.711734e-02	4.498586e-01
2.700000e+02	4.274625e-02	4.402852e-01
2.800000e+02	3.863177e-02	4.312991e-01
2.900000e+02	3.476768e-02	4.228869e-01
3.000000e+02	3.114733e-02	4.150349e-01
3.100000e+02	2.776374e-02	4.077283e-01
3.200000e+02	2.460964e-02	4.009522e-01
3.300000e+02	2.167750e-02	3.946910e-01
3.400000e+02	1.895960e-02	3.889290e-01
3.500000e+02	1.644810e-02	3.836499e-01
3.600000e+02	1.413500e-02	3.788375e-01
3.700000e+02	1.201228e-02	3.744752e-01
3.800000e+02	1.007184e-02	3.705465e-01
3.900000e+02	8.305615e-03	3.670347e-01
4.000000e+02	6.705547e-03	3.639231e-01
4.100000e+02	5.263639e-03	3.611951e-01
4.200000e+02	3.971971e-03	3.588342e-01
4.300000e+02	2.822728e-03	3.568240e-01
4.400000e+02	1.808216e-03	3.551482e-01
4.500000e+02	9.208829e-04	3.537907e-01
4.600000e+02	1.533282e-04	3.527357e-01
4.700000e+02	-5.016767e-04	3.519675e-01
4.800000e+02	-1.051177e-03	3.514706e-01
4.900000e+02	-1.502024e-03	3.512298e-01
5.000000e+02	-1.860865e-03	3.512301e-01
5.100000e+02	-2.134135e-03	3.514570e-01
5.200000e+02	-2.328053e-03	3.518961e-01
5.300000e+02	-2.448614e-03	3.525331e-01
5.400000e+02	-2.501590e-03	3.533544e-01
5.500000e+02	-2.492520e-03	3.543466e-01
5.600000e+02	-2.426716e-03	3.554965e-01
5.700000e+02	-2.309256e-03	3.567915e-01
5.800000e+02	-2.144990e-03	3.582193e-01
5.900000e+02	-1.938535e-03	3.597677e-01
6.000000e+02	-1.694280e-03	3.614253e-01
6.100000e+02	-1.416388e-03	3.631808e-01
6.200000e+02	-1.108804e-03	3.650234e-01
6.300000e+02	-7.752520e-04	3.669427e-01
6.400000e+02	-4.192439e-04	3.689286e-01
6.500000e+02	-4.408216e-05	3.709715e-01
6.600000e+02	3.471353e-04	3.730622e-01
6.700000e+02	7.515114e-04	3.751919e-01
6.800000e+02	1.166344e-03	3.773522e-01
6.900000e+02	1.589122e-03	3.795352e-01
7.000000e+02	2.017517e-03	3.817334e-01
7.100000e+02	2.449382e-03	3.839395e-01
7.200000e+02	2.882744e-03	3.861470e-01
7.300000e+02	3.315795e-03	3.883494e-01
7.400000e+02	3.746885e-03	3.905410e-01
7.500000e+02	4.174506e-03	3.927162e-01
7.600000e+02	4.597285e-03	3.948699e-01
7.700000e+02	5.013981e-03	3.969975e-01
7.800000e+02	5.423479e-03	3.990947e-01
7.900000e+02	5.824785e-03	4.011576e-01
8.000000e+02	6.217024e-03	4.031825e-01
8.100000e+02	6.599430e-03	4.051665e-01
8.200000e+02	6.971345e-03	4.071065e-01
8.300000e+02	7.332213e-03	4.090002e-01
8.400000e+02	7.681569e-03	4.108454e-01
8.500000e+02	8.019036e-03	4.126400e-01
8.600000e+02	8.344311e-03	4.143826e-01
8.700000e+02	8.657168e-03	4.160719e-01
8.800000e+02	8.957446e-03	4.177067e-01
8.900000e+02	9.245047e-03	4.192864e-01
9.000000e+02	9.519935e-03	4.208103e-01
9.100000e+02	9.782124e-03	4.222782e-01
9.200000e+02	1.003168e-02	4.236899e-01
9.300000e+02	1.026870e-02	4.250455e-01
9.400000e+02	1.049334e-02	4.263452e-01
9.500000e+02	1.070578e-02	4.275895e-01
9.600000e+02	1.090624e-02	4.287789e-01
9.700000e+02	1.109496e-02	4.299143e-01
9.800000e+02	1.127221e-02	4.309964e-01
9.900000e+02	1.143828e-02	4.320262e-01
1.000000e+03	1.159351e-02	4.330048e-01
1.010000e+03	1.173820e-02	4.339333e-01
1.020000e+03	1.187271e-02	4.348130e-01
1.030000e+03	1.199740e-02	4.356453e-01
1.040000e+03	1.211262e-02	4.364314e-01
1.050000e+03	1.221876e-02	4.371728e-01
1.060000e+03	1.231619e-02	4.378709e-01
1.070000e+03	1.240529e-02	4.385273e-01
1.080000e+03	1.248642e-02	4.391435e-01
1.090000e+03	1.255996e-02	4.397210e-01
1.100000e+03	1.262627e-02	4.402614e-01
1.110000e+03	1.268572e-02	4.407664e-01
1.120000e+03	1.273866e-02	4.412374e-01
1.130000e+03	1.278545e-02	4.416761e-01
1.140000e+03	1.282643e-02	4.420839e-01
1.150000e+03	1.286195e-02	4.424625e-01
1.160000e+03	1.289234e-02	4.428133e-01
1.170000e+03	1.291794e-02	4.431379e-01
1.180000e+03	1.293905e-02	4.434376e-01
1.190000e+03	1.295599e-02	4.437138e-01
1.200000e+03	1.296903e-02	4.439681e-01
1.210000e+03	1.297847e-02	4.442016e-01
1.220000e+03	1.298458e-02	4.444158e-01
1.230000e+03	1.298760e-02	4.446117e-01
1.240000e+03	1.298781e-02	4.447907e-01
1.250000e+03	1.298542e-02	4.449539e-01
1.260000e+03	1.298067e-02	4.451023e-01
1.270000e+03	1.297378e-02	4.452371e-01
1.280000e+03	1.296494e-02	4.453593e-01
1.290000e+03	1.295435e-02	4.454697e-01
1.300000e+03	1.294218e-02	4.455694e-01
1.310000e+03	1.292861e-02	4.456591e-01
1.320000e+03	1.291380e-02	4.457398e-01
1.330000e+03	1.289791e-02	4.458122e-01
1.340000e+03	1.288108e-02	4.458770e-01
1.350000e+03	1.286346e-02	4.459350e-01
1.360000e+03	1.284516e-02	4.459866e-01
1.370000e+03	1.282631e-02	4.460327e-01
1.380000e+03	1.280702e-02	4.460736e-01
1.390000e+03	1.278739e-02	4.461099e-01
1.400000e+03	1.276753e-02	4.461420e-01
1.410000e+03	1.274752e-02	4.461704e-01
1.420000e+03	1.272746e-02	4.461954e-01
1.430000e+03	1.270743e-02	4.462175e-01
1.440000e+03	1.268749e-02	4.462368e-01
1.450000e+03	1.266772e-02	4.462538e-01
1.460000e+03	1.264817e-02	4.462688e-01
1.470000e+03	1.262889e-02	4.462818e-01
1.480000e+03	1.260993e-02	4.462934e-01
1.490000e+03	1.259132e-02	4.463035e-01
1.500000e+03	1.257310e-02	4.463125e-01
1.510000e+03	1.255532e-02	4.463205e-01
1.520000e+03	1.253798e-02	4.463277e-01
1.530000e+03	1.252112e-02	4.463343e-01
1.540000e+03	1.250474e-02	4.463404e-01
1.550000e+03	1.248888e-02	4.463462e-01
1.560000e+03	1.247354e-02	4.463517e-01
1.570000e+03	1.245872e-02	4.463572e-01
1.580000e+03	1.244443e-02	4.463626e-01
1.590000e+03	1.243068e-02	4.463682e-01
1.600000e+03	1.241746e-02	4.463739e-01
1.610000e+03	1.240477e-02	4.463799e-01
1.620000e+03	1.239261e-02	4.463862e-01
1.630000e+03	1.238097e-02	4.463929e-01
1.640000e+03	1.236983e-02	4.464000e-01
1.650000e+03	1.235920e-02	4.464076e-01
1.660000e+03	1.234905e-02	4.464158e-01
1.670000e+03	1.233938e-02	4.464245e-01
1.680000e+03	1.233018e-02	4.464339e-01
1.690000e+03	1.232143e-02	4.464439e-01
1.700000e+03	1.231312e-02	4.464545e-01
1.710000e+03	1.230524e-02	4.464659e-01
1.720000e+03	1.229778e-02	4.464780e-01
1.730000e+03	1.229073e-02	4.464909e-01
1.740000e+03	1.228407e-02	4.465045e-01
1.750000e+03	1.227778e-02	4.465190e-01
1.760000e+03	1.227186e-02	4.465343e-01
1.770000e+03	1.226628e-02	4.465505e-01
1.780000e+03	1.226104e-02	4.465676e-01
1.790000e+03	1.225612e-02	4.465855e-01
1.800000e+03	1.225149e-02	4.466042e-01
1.810000e+03	1.224715e-02	4.466237e-01
1.820000e+03	1.224306e-02	4.466440e-01
1.830000e+03	1.223923e-02	4.466651e-01
1.840000e+03	1.223563e-02	4.466869e-01
1.850000e+03	1.223226e-02	4.467094e-01
1.860000e+03	1.222910e-02	4.467326e-01
1.870000e+03	1.222614e-02	4.467563e-01
1.880000e+03	1.222338e-02	4.467806e-01
1.890000e+03	1.222080e-02	4.468053e-01
1.900000e+03	1.221839e-02	4.468305e-01
1.910000e+03	1.221616e-02	4.468560e-01
1.920000e+03	1.221409e-02	4.468818e-01
1.930000e+03	1.221217e-02	4.469079e-01
1.940000e+03	1.221041e-02	4.469341e-01
1.950000e+03	1.220879e-02	4.469605e-01
1.960000e+03	1.220732e-02	4.469869e-01
1.970000e+03	1.220600e-02	4.470133e-01
1.980000e+03	1.220481e-02	4.470396e-01
1.990000e+03	1.220375e-02	4.470659e-01
2.000000e+03	1.220283e-02	4.470919e-01
2.010000e+03	1.220202e-02	4.471177e-01
2.020000e+03	1.220132e-02	4.471431e-01
2.030000e+03	1.220074e-02	4.471682e-01
2.040000e+03	1.220026e-02	4.471928e-01
2.050000e+03	1.219988e-02	4.472169e-01
2.060000e+03	1.219959e-02	4.472405e-01
2.070000e+03	1.219939e-02	4.472635e-01
2.080000e+03	1.219929e-02	4.472859e-01
2.090000e+03	1.219927e-02	4.473076e-01
2.100000e+03	1.219933e-02	4.473285e-01
2.110000e+03	1.219948e-02	4.473487e-01
2.120000e+03	1.219971e-02	4.473680e-01
2.130000e+03	1.220001e-02	4.473865e-01
2.140000e+03	1.220039e-02	4.474041e-01
2.150000e+03	1.220084e-02	4.474208e-01
2.160000e+03	1.220135e-02	4.474365e-01
2.170000e+03	1.220193e-02	4.474514e-01
2.180000e+03	1.220256e-02	4.474653e-01
2.190000e+03	1.220325e-02	4.474783e-01
2.200000e+03	1.220400e-02	4.474903e-01
2.210000e+03	1.220479e-02	4.475014e-01
2.220000e+03	1.220563e-02	4.475116e-01
2.230000e+03	1.220651e-02	4.475208e-01
2.240000e+03	1.220743e-02	4.475291e-01
2.250000e+03	1.220838e-02	4.475366e-01
2.260000e+03	1.220934e-02	4.475432e-01
2.270000e+03	1.221032e-02	4.475490e-01
2.280000e+03	1.221130e-02	4.475542e-01
2.290000e+03	1.221229e-02	4.475586e-01
2.300000e+03	1.221326e-02	4.475625e-01
2.310000e+03	1.221423e-02	4.475657e-01
2.320000e+03	1.221517e-02	4.475685e-01
2.330000e+03	1.221609e-02	4.475707e-01
2.340000e+03	1.221698e-02	4.475725e-01
2.350000e+03	1.221784e-02	4.475739e-01
2.360000e+03	1.221866e-02	4.475749e-01
2.370000e+03	1.221945e-02	4.475755e-01
2.380000e+03	1.222021e-02	4.475758e-01
2.390000e+03	1.222094e-02	4.475758e-01
2.400000e+03	1.222164e-02	4.475755e-01
2.410000e+03	1.222231e-02	4.475751e-01
2.420000e+03	1.222296e-02	4.475744e-01
2.430000e+03	1.222358e-02	4.475735e-01
2.440000e+03	1.222419e-02	4.475724e-01
2.450000e+03	1.222477e-02	4.475712e-01
2.460000e+03	1.222533e-02	4.475699e-01
2.470000e+03	1.222588e-02	4.475684e-01
2.480000e+03	1.222640e-02	4.475670e-01
2.490000e+03	1.222691e-02	4.475654e-01
2.500000e+03	1.222742e-02	4.475639e-01
2.510000e+03	1.222791e-02	4.475624e-01
2.520000e+03	1.222841e-02	4.475609e-01
2.530000e+03	1.222891e-02	4.475595e-01
2.540000e+03	1.222941e-02	4.475583e-01
2.550000e+03	1.222991e-02	4.475573e-01
2.560000e+03	1.223043e-02	4.475565e-01
2.570000e+03	1.223095e-02	4.475559e-01
2.580000e+03	1.223148e-02	4.475556e-01
2.590000e+03	1.223202e-02	4.475556e-01
2.600000e+03	1.223258e-02	4.475558e-01
2.610000e+03	1.223315e-02	4.475564e-01
2.620000e+03	1.223374e-02	4.475573e-01
2.630000e+03	1.223435e-02	4.475585e-01
2.640000e+03	1.223499e-02	4.475601e-01
2.650000e+03	1.223564e-02	4.475620e-01
2.660000e+03	1.223631e-02	4.475642e-01
2.670000e+03	1.223699e-02	4.475668e-01
2.680000e+03	1.223768e-02	4.475698e-01
2.690000e+03	1.223839e-02	4.475731e-01
2.700000e+03	1.223909e-02	4.475767e-01
2.710000e+03	1.223979e-02	4.475806e-01
2.720000e+03	1.224049e-02	4.475849e-01
2.730000e+03	1.224117e-02	4.475894e-01
2.740000e+03	1.224184e-02	4.475942e-01
2.750000e+03	1.224249e-02	4.475992e-01
2.760000e+03	1.224312e-02	4.476044e-01
2.770000e+03	1.224372e-02	4.476097e-01
2.780000e+03	1.224429e-02	4.476152e-01
2.790000e+03	1.224483e-02	4.476208e-01
2.800000e+03	1.224533e-02	4.476265e-01
2.810000e+03	1.224580e-02	4.476321e-01
2.820000e+03	1.224622e-02	4.476379e-01
2.830000e+03	1.224659e-02	4.476436e-01
2.840000e+03	1.224690e-02	4.476493e-01
2.850000e+03	1.224715e-02	4.476551e-01
2.860000e+03	1.224733e-02	4.476608e-01
2.870000e+03	1.224744e-02	4.476666e-01
2.880000e+03	1.224747e-02	4.476723e-01
2.890000e+03	1.224743e-02	4.476779e-01
2.900000e+03	1.224731e-02	4.476835e-01
2.910000e+03	1.224712e-02	4.476891e-01
2.920000e+03	1.224685e-02	4.476944e-01
2.930000e+03	1.224651e-02	4.476997e-01
2.940000e+03	1.224611e-02	4.477047e-01
2.950000e+03	1.224565e-02	4.477096e-01
2.960000e+03	1.224513e-02	4.477142e-01
2.970000e+03	1.224455e-02	4.477186e-01
2.980000e+03	1.224392e-02	4.477229e-01
2.990000e+03	1.224324e-02	4.477269e-01
3.000000e+03	1.224251e-02	4.477307e-01
3.010000e+03	1.224173e-02	4.477344e-01
3.020000e+03	1.224090e-02	4.477379e-01
3.030000e+03	1.224002e-02	4.477412e-01
3.040000e+03	1.223911e-02	4.477442e-01
3.050000e+03	1.223814e-02	4.477471e-01
3.060000e+03	1.223714e-02	4.477496e-01
3.070000e+03	1.223609e-02	4.477519e-01
3.080000e+03	1.223500e-02	4.477540e-01
3.090000e+03	1.223387e-02	4.477558e-01
3.100000e+03	1.223270e-02	4.477574e-01
3.110000e+03	1.223150e-02	4.477588e-01
3.120000e+03	1.223027e-02	4.477601e-01
3.130000e+03	1.222902e-02	4.477612e-01
3.140000e+03	1.222775e-02	4.477623e-01
3.150000e+03	1.222647e-02	4.477631e-01
3.160000e+03	1.222520e-02	4.477639e-01
3.170000e+03	1.222394e-02	4.477645e-01
3.180000e+03	1.222271e-02	4.477651e-01
3.190000e+03	1.222152e-02	4.477655e-01
3.200000e+03	1.222037e-02	4.477658e-01
3.210000e+03	1.221926e-02	4.477660e-01
3.220000e+03	1.221822e-02	4.477662e-01
3.230000e+03	1.221723e-02	4.477663e-01
3.240000e+03	1.221631e-02	4.477664e-01
3.250000e+03	1.221545e-02	4.477665e-01
3.260000e+03	1.221465e-02	4.477665e-01
3.270000e+03	1.221391e-02	4.477664e-01
3.280000e+03	1.221322e-02	4.477663e-01
3.290000e+03	1.221258e-02	4.477661e-01
3.300000e+03	1.221199e-02	4.477657e-01
3.310000e+03	1.221143e-02	4.477653e-01
3.320000e+03	1.221091e-02	4.477646e-01
3.330000e+03	1.221042e-02	4.477637e-01
3.340000e+03	1.220996e-02	4.477626e-01
3.350000e+03	1.220951e-02	4.477613e-01
3.360000e+03	1.220907e-02	4.477596e-01
3.370000e+03	1.220864e-02	4.477577e-01
3.380000e+03	1.220822e-02	4.477555e-01
3.390000e+03	1.220779e-02	4.477529e-01
3.400000e+03	1.220737e-02	4.477499e-01
3.410000e+03	1.220694e-02	4.477465e-01
3.420000e+03	1.220652e-02	4.477427e-01
3.430000e+03	1.220609e-02	4.477385e-01
3.440000e+03	1.220566e-02	4.477338e-01
3.450000e+03	1.220523e-02	4.477287e-01
3.460000e+03	1.220481e-02	4.477232e-01
3.470000e+03	1.220439e-02	4.477174e-01
3.480000e+03	1.220400e-02	4.477111e-01
3.490000e+03	1.220364e-02	4.477044e-01
3.500000e+03	1.220330e-02	4.476973e-01
3.510000e+03	1.220299e-02	4.476899e-01
3.520000e+03	1.220272e-02	4.476822e-01
3.530000e+03	1.220249e-02	4.476742e-01
3.540000e+03	1.220232e-02	4.476659e-01
3.550000e+03	1.220220e-02	4.476574e-01
3.560000e+03	1.220214e-02	4.476487e-01
3.570000e+03	1.220216e-02	4.476398e-01
3.580000e+03	1.220225e-02	4.476309e-01
3.590000e+03	1.220241e-02	4.476219e-01
3.600000e+03	1.220265e-02	4.476128e-01
3.610000e+03	1.220296e-02	4.476038e-01
3.620000e+03	1.220335e-02	4.475948e-01
3.630000e+03	1.220382e-02	4.475858e-01
3.640000e+03	1.220437e-02	4.475770e-01
3.650000e+03	1.220500e-02	4.475682e-01
3.660000e+03	1.220570e-02	4.475597e-01
3.670000e+03	1.220648e-02	4.475513e-01
3.680000e+03	1.220733e-02	4.475432e-01
3.690000e+03	1.220825e-02	4.475355e-01
3.700000e+03	1.220924e-02	4.475282e-01
3.710000e+03	1.221030e-02	4.475213e-01
3.720000e+03	1.221142e-02	4.475148e-01
3.730000e+03	1.221260e-02	4.475089e-01
3.740000e+03	1.221384e-02	4.475034e-01
3.750000e+03	1.221513e-02	4.474984e-01
3.760000e+03	1.221647e-02	4.474939e-01
3.770000e+03	1.221784e-02	4.474899e-01
3.780000e+03	1.221924e-02	4.474863e-01
3.790000e+03	1.222065e-02	4.474832e-01
3.800000e+03	1.222209e-02	4.474806e-01
3.810000e+03	1.222354e-02	4.474783e-01
3.820000e+03	1.222499e-02	4.474764e-01
3.830000e+03	1.222645e-02	4.474749e-01
3.840000e+03	1.222791e-02	4.474738e-01
3.850000e+03	1.222936e-02	4.474729e-01
3.860000e+03	1.223079e-02	4.474724e-01
3.870000e+03	1.223222e-02	4.474721e-01
3.880000e+03	1.223362e-02	4.474722e-01
3.890000e+03	1.223500e-02	4.474725e-01
3.900000e+03	1.223635e-02	4.474730e-01
3.910000e+03	1.223767e-02	4.474737e-01
3.920000e+03	1.223894e-02	4.474747e-01
3.930000e+03	1.224017e-02	4.474759e-01
3.940000e+03	1.224133e-02	4.474772e-01
3.950000e+03	1.224243e-02	4.474787e-01
3.960000e+03	1.224345e-02	4.474803e-01
3.970000e+03	1.224440e-02	4.474820e-01
3.980000e+03	1.224526e-02	4.474837e-01
3.990000e+03	1.224603e-02	4.474854e-01
4.000000e+03	1.224670e-02	4.474870e-01
